67156
134332
202538
272859
340275
412590
483891
557637
636081
706863
778128
855758
927052
995876
1069213
1146808
1218637
1294267
1369070
1441706
1514625
1593356
1661513
1732067
1804662
1878972
1956823
2029687
2102165
2178412
2251262
2328908
2401741
2474959
2548047
2617986
2686168
2754129
2832112
2902096
2979751
3055577
3133369
3211957
3280800
3352746
3431854
3506863
3584943
3657968
3725278
3800020
3869979
3943555
4019543
4094096
4168416
4240845
4310964
4383338
4450600
4525170
4604002
4672305
4739877
4817833
4887985
4955232
5032318
5101171
5179050
5247352
5318794
5393176
5467457
5542745
5617793
5690221
5759065
5835382
5905471
5980549
6058153
6126321
6205325
6272847
6350183
6427523
6495270
6569072
6647723
6718785
6795768
6870247
6947024
7023918
7091661
7162256
7237371
7310486
7389500
7465775
7539845
7610632
7680896
7758856
7831448
7908547
7976885
8054516
8121991
8200105
8278229
8351765
8420370
8489678
8565435
8642721
8710284
8786673
8865494
8936817
9011746
9083071
9152851
9229586
9305551
9376093
9450341
9522618
9590880
9658311
9731444
9801979
9873264
9943910
10013134
10085146
10160800
10230424
10305696
10378243
10450670
10519947
10589443
10664106
10734528
10808498
10887169
10963029
11038458
11117307
11193910
11268467
11347177
11415043
11485461
11564643
11641207
11714148
11789598
11861826
11933604
12003345
12075158
12142658
12215562
12286769
12365819
12439737
12517206
12589325
12662103
12739328
12818566
12892100
12970535
13046694
13120759
13199723
