66499
136654
199825
276487
341931
404065
482755
552272
629435
699841
776192
837755
921020
1001599
1080843
1161729
1232122
1308227
1383312
1457287
1525037
1592142
1664203
1730797
1811471
1896580
1958347
2032459
2095619
2176236
2261419
2324088
2408057
2469535
2547265
2627434
2701509
2784159
2867142
2943458
3007858
3074210
3139691
3201746
3265391
3341475
3425450
3495138
3566198
3651264
3735384
3812938
3898101
3977857
4047112
4124318
4191314
4259563
4337203
4411124
4482207
4557954
4637312
4712593
4787099
4862381
4935911
4998962
5077564
5162919
5232609
5317356
5386849
5469528
5541663
5612791
5679141
5743243
5811819
5890581
5970729
6048702
6109976
6191597
6275149
6355006
6417082
6487350
6565580
6644425
6710935
6778538
6856004
6928696
7004958
7071765
7137124
7218413
7298171
7382020
7445688
7511171
7574625
7647617
7713369
7796276
7859730
7921843
7996483
8076377
8145027
8210431
8279741
8345906
8419395
8502557
8578946
8642459
8713036
8775404
