75251
149487
231760
299259
368059
432004
515983
592778
665518
742161
816494
893332
967645
1046283
1120074
1205369
1271742
1335359
1399072
1461659
1532571
1604552
1674518
1754193
1830557
1910439
1994248
2079031
2144754
2209179
2287212
2350537
2424399
2498381
2580439
2653311
2723951
2801378
2880510
2954241
3023765
3088462
3163805
3231240
3293360
3372825
3439787
3511622
3589448
3659253
3738265
3808936
3886655
3964878
4036711
4098223
4167335
4238729
4306362
4372207
4453303
4524834
4607543
4678128
4757940
4828662
4909436
4988905
5059153
5125461
5205793
5290004
5359036
5436459
5508203
5589587
5669392
5734510
5816589
5901790
5975384
6058007
6133398
6198211
6264125
6335095
6414408
6495598
6575919
6644730
6718803
6782034
6845796
6910158
6987761
7060885
7126551
7199671
7264309
7326686
7408490
7483210
7566940
7644983
7720246
7801188
7883683
7968861
8029908
8112071
8188061
8273264
8347181
8419923
8500522
8567119
8640314
8723342
8798406
8880075
